BR1/BRMFD1201103220000a.11o: 1.0560
BR1/BRMFD1201103230000a.11o: 1.0560
CLF1/CLF1201103240000a.11o: 1.2560
LR1/LRFD1_201103230000a.11o: 1.2740
LR1/LRFD1_201103240000a.11o: 1.2740
MD1/MDFD1201103240000a.11o: 1.4250


AusPos BR1: -1911712.7550 -4567269.8540 4009427.9930 39 11 18.09847 112 42 45.44201 1395.0700
OPUS   BR1: -1911712.7550 -4567269.8730 4009427.9560 39 11 18.09720 112 42 45.44170 1395.0610
APPS   BR1: -1911712.7650 -4567269.8703 4009427.9828 39.18836040    112.71262305    1395.1213

